1 1 1.0
2 1 0.545455
3 1 0.297297
4 1 0.53125
5 1 0.459459
6 1 0.190476
7 1 0.333333
8 1 0.526316
9 1 0.7
10 1 0.6
11 1 0.428571
12 1 0.540541
13 1 0.647059
14 1 0.208333
15 1 0.372093
16 1 0.073171
17 1 0.425
18 1 0.232558
19 1 0.125
20 1 0.444444
21 1 0.190476
22 1 0.425
23 1 0.470588
24 1 0.046512
25 1 0.282051
26 1 0.104167
27 1 0.066667
28 1 0.363636
29 1 0.068182
30 1 0.070175
31 1 0.080645
32 1 0.26
33 1 0.076923
34 1 0.066667
35 1 0.45
36 1 0.416667
37 1 0.473684
38 1 0.416667
39 1 0.414634
40 1 0.055556
41 1 0.076923
42 1 0.041667
43 1 0.348837
44 1 0.104167
45 1 0.277778
46 1 0.5
47 1 0.4
48 1 0.306122
49 1 0.129032
50 1 0.363636
51 1 0.125
52 1 0.378378
53 1 0.295455
54 1 0.095238
1 2 0.545455
2 2 1.0
3 2 0.387097
4 2 0.833333
5 2 0.689655
6 2 0.184211
7 2 0.387097
8 2 0.358974
9 2 0.769231
10 2 0.457143
11 2 0.607143
12 2 0.368421
13 2 0.378378
14 2 0.188406
15 2 0.459459
16 2 0.083333
17 2 0.3
18 2 0.333333
19 2 0.065217
20 2 0.62069
21 2 0.184211
22 2 0.677419
23 2 0.5
24 2 0.111111
25 2 0.323529
26 2 0.090909
27 2 0.04878
28 2 0.447368
29 2 0.105263
30 2 0.076923
31 2 0.050847
32 2 0.380952
33 2 0.027778
34 2 0.04878
35 2 0.358974
36 2 0.586207
37 2 0.7
38 2 0.586207
39 2 0.514286
40 2 0.061224
41 2 0.031746
42 2 0.097561
43 2 0.472222
44 2 0.116279
45 2 0.207547
46 2 0.84
47 2 0.5
48 2 0.404762
49 2 0.140351
50 2 0.447368
51 2 0.115385
52 2 0.4375
53 2 0.3
54 2 0.025
1 3 0.297297
2 3 0.387097
3 3 1.0
4 3 0.464286
5 3 0.352941
6 3 0.105263
7 3 0.818182
8 3 0.25
9 3 0.34375
10 3 0.297297
11 3 0.448276
12 3 0.25641
13 3 0.263158
14 3 0.161765
15 3 0.275
16 3 0.2
17 3 0.25641
18 3 0.730769
19 3 0.121951
20 3 0.375
21 3 0.105263
22 3 0.289474
23 3 0.4
24 3 0.233333
25 3 0.75
26 3 0.153846
27 3 0.212121
28 3 0.405405
29 3 0.21875
30 3 0.204545
31 3 0.113208
32 3 0.309524
33 3 0.214286
34 3 0.212121
35 3 0.25
36 3 0.433333
37 3 0.297297
38 3 0.433333
39 3 0.470588
40 3 0.166667
41 3 0.107143
42 3 0.3125
43 3 0.25
44 3 0.25
45 3 0.386364
46 3 0.34375
47 3 0.297297
48 3 0.244444
49 3 0.215686
50 3 0.3
51 3 0.25
52 3 0.30303
53 3 0.53125
54 3 0.027027
1 4 0.53125
2 4 0.833333
3 4 0.464286
4 4 1.0
5 4 0.678571
6 4 0.162162
7 4 0.464286
8 4 0.342105
9 4 0.62963
10 4 0.441176
11 4 0.72
12 4 0.351351
13 4 0.361111
14 4 0.19403
15 4 0.444444
16 4 0.057143
17 4 0.351351
18 4 0.352941
19 4 0.044444
20 4 0.666667
21 4 0.162162
22 4 0.5625
23 4 0.535714
24 4 0.117647
25 4 0.387097
26 4 0.045455
27 4 0.078947
28 4 0.472222
29 4 0.052632
30 4 0.08
31 4 0.034483
32 4 0.365854
33 4 0.029412
34 4 0.078947
35 4 0.342105
36 4 0.692308
37 4 0.580645
38 4 0.692308
39 4 0.545455
40 4 0.041667
41 4 0.05
42 4 0.102564
43 4 0.457143
44 4 0.121951
45 4 0.24
46 4 0.692308
47 4 0.484848
48 4 0.390244
49 4 0.105263
50 4 0.472222
51 4 0.098039
52 4 0.517241
53 4 0.351351
54 4 0.026316
1 5 0.459459
2 5 0.689655
3 5 0.352941
4 5 0.678571
5 5 1.0
6 5 0.142857
7 5 0.352941
8 5 0.333333
9 5 0.580645
10 5 0.421053
11 5 0.6
12 5 0.27907
13 5 0.317073
14 5 0.231884
15 5 0.628571
16 5 0.076923
17 5 0.309524
18 5 0.275
19 5 0.061224
20 5 0.724138
21 5 0.142857
22 5 0.527778
23 5 0.454545
24 5 0.102564
25 5 0.371429
26 5 0.085106
27 5 0.095238
28 5 0.487179
29 5 0.097561
30 5 0.092593
31 5 0.048387
32 5 0.487805
33 5 0.052632
34 5 0.095238
35 5 0.333333
36 5 0.580645
37 5 0.588235
38 5 0.580645
39 5 0.435897
40 5 0.078431
41 5 0.0625
42 5 0.090909
43 5 0.473684
44 5 0.108696
45 5 0.218182
46 5 0.580645
47 5 0.421053
48 5 0.47619
49 5 0.133333
50 5 0.526316
51 5 0.150943
52 5 0.484848
53 5 0.27907
54 5 0.047619
1 6 0.190476
2 6 0.184211
3 6 0.105263
4 6 0.162162
5 6 0.142857
6 6 1.0
7 6 0.105263
8 6 0.238095
9 6 0.184211
10 6 0.219512
11 6 0.128205
12 6 0.342105
13 6 0.25
14 6 0.125
15 6 0.152174
16 6 0.085714
17 6 0.342105
18 6 0.093023
19 6 0.371429
20 6 0.179487
21 6 1.0
22 6 0.159091
23 6 0.157895
24 6 0.054054
25 6 0.1
26 6 0.093023
27 6 0.076923
28 6 0.173913
29 6 0.051282
30 6 0.1
31 6 0.109091
32 6 0.14
33 6 0.028571
34 6 0.076923
35 6 0.333333
36 6 0.125
37 6 0.190476
38 6 0.125
39 6 0.106383
40 6 0.02
41 6 0.103448
42 6 0.073171
43 6 0.155556
44 6 0.146341
45 6 0.067797
46 6 0.184211
47 6 0.162791
48 6 0.137255
49 6 0.084746
50 6 0.148936
51 6 0.055556
52 6 0.125
53 6 0.085106
54 6 0.111111
1 7 0.333333
2 7 0.387097
3 7 0.818182
4 7 0.464286
5 7 0.352941
6 7 0.105263
7 7 1.0
8 7 0.282051
9 7 0.387097
10 7 0.333333
11 7 0.4
12 7 0.289474
13 7 0.297297
14 7 0.161765
15 7 0.275
16 7 0.2
17 7 0.289474
18 7 0.607143
19 7 0.121951
20 7 0.333333
21 7 0.105263
22 7 0.25641
23 7 0.4
24 7 0.15625
25 7 0.826087
26 7 0.153846
27 7 0.25
28 7 0.405405
29 7 0.21875
30 7 0.152174
31 7 0.113208
32 7 0.27907
33 7 0.214286
34 7 0.25
35 7 0.282051
36 7 0.34375
37 7 0.263158
38 7 0.34375
39 7 0.470588
40 7 0.195122
41 7 0.127273
42 7 0.235294
43 7 0.219512
44 7 0.25
45 7 0.452381
46 7 0.34375
47 7 0.297297
48 7 0.217391
49 7 0.215686
50 7 0.268293
51 7 0.27907
52 7 0.34375
53 7 0.633333
54 7 0.027027
1 8 0.526316
2 8 0.358974
3 8 0.25
4 8 0.342105
5 8 0.333333
6 8 0.238095
7 8 0.282051
8 8 1.0
9 8 0.394737
10 8 0.487179
11 8 0.3
12 8 0.638889
13 8 0.8125
14 8 0.219178
15 8 0.297872
16 8 0.095238
17 8 0.512821
18 8 0.195652
19 8 0.142857
20 8 0.35
21 8 0.238095
22 8 0.282609
23 8 0.333333
24 8 0.044444
25 8 0.268293
26 8 0.1
27 8 0.086957
28 8 0.319149
29 8 0.065217
30 8 0.105263
31 8 0.078125
32 8 0.226415
33 8 0.073171
34 8 0.086957
35 8 0.714286
36 8 0.292683
37 8 0.318182
38 8 0.292683
39 8 0.304348
40 8 0.072727
41 8 0.090909
42 8 0.061224
43 8 0.276596
44 8 0.1
45 8 0.267857
46 8 0.325
47 8 0.288889
48 8 0.294118
49 8 0.125
50 8 0.265306
51 8 0.140351
52 8 0.325
53 8 0.255319
54 8 0.090909
1 9 0.7
2 9 0.769231
3 9 0.34375
4 9 0.62963
5 9 0.580645
6 9 0.184211
7 9 0.387097
8 9 0.394737
9 9 1.0
10 9 0.545455
11 9 0.5
12 9 0.444444
13 9 0.457143
14 9 0.188406
15 9 0.384615
16 9 0.083333
17 9 0.405405
18 9 0.263158
19 9 0.065217
20 9 0.516129
21 9 0.184211
22 9 0.575758
23 9 0.551724
24 9 0.052632
25 9 0.323529
26 9 0.090909
27 9 0.075
28 9 0.375
29 9 0.105263
30 9 0.037037
31 9 0.050847
32 9 0.318182
33 9 0.027778
34 9 0.075
35 9 0.394737
36 9 0.483871
37 9 0.545455
38 9 0.483871
39 9 0.394737
40 9 0.083333
41 9 0.048387
42 9 0.046512
43 9 0.394737
44 9 0.116279
45 9 0.230769
46 9 0.703704
47 9 0.457143
48 9 0.372093
49 9 0.140351
50 9 0.375
51 9 0.137255
52 9 0.4375
53 9 0.268293
54 9 0.025
1 10 0.6
2 10 0.457143
3 10 0.297297
4 10 0.441176
5 10 0.421053
6 10 0.219512
7 10 0.333333
8 10 0.487179
9 10 0.545455
10 10 1.0
11 10 0.351351
12 10 0.390244
13 10 0.473684
14 10 0.191781
15 10 0.311111
16 10 0.073171
17 10 0.390244
18 10 0.232558
19 10 0.08
20 10 0.405405
21 10 0.219512
22 10 0.425
23 10 0.515152
24 10 0.046512
25 10 0.315789
26 10 0.081633
27 10 0.090909
28 10 0.276596
29 10 0.044444
30 10 0.109091
31 10 0.116667
32 10 0.26
33 10 0.076923
34 10 0.090909
35 10 0.45
36 10 0.342105
37 10 0.365854
38 10 0.342105
39 10 0.348837
40 10 0.055556
41 10 0.111111
42 10 0.041667
43 10 0.348837
44 10 0.104167
45 10 0.277778
46 10 0.416667
47 10 0.365854
48 10 0.306122
49 10 0.129032
50 10 0.304348
51 10 0.145455
52 10 0.342105
53 10 0.295455
54 10 0.15
1 11 0.428571
2 11 0.607143
3 11 0.448276
4 11 0.72
5 11 0.6
6 11 0.128205
7 11 0.4
8 11 0.3
9 11 0.5
10 11 0.351351
11 11 1.0
12 11 0.307692
13 11 0.315789
14 11 0.173913
15 11 0.358974
16 11 0.027027
17 11 0.307692
18 11 0.342857
19 11 0.021277
20 11 0.586207
21 11 0.128205
22 11 0.5
23 11 0.466667
24 11 0.114286
25 11 0.517241
26 11 0.021739
27 11 0.05
28 11 0.5
29 11 0.025
30 11 0.078431
31 11 0.016667
32 11 0.295455
33 11 0.028571
34 11 0.05
35 11 0.3
36 11 0.875
37 11 0.515152
38 11 0.875
39 11 0.529412
40 11 0.0625
41 11 0.032258
42 11 0.1
43 11 0.405405
44 11 0.119048
45 11 0.211538
46 11 0.5
47 11 0.612903
48 11 0.318182
49 11 0.084746
50 11 0.384615
51 11 0.096154
52 11 0.666667
53 11 0.307692
54 11 0.025641
1 12 0.540541
2 12 0.368421
3 12 0.25641
4 12 0.351351
5 12 0.27907
6 12 0.342105
7 12 0.289474
8 12 0.638889
9 12 0.444444
10 12 0.390244
11 12 0.307692
12 12 1.0
13 12 0.78125
14 12 0.173333
15 12 0.25
16 12 0.071429
17 12 0.757576
18 12 0.2
19 12 0.195652
20 12 0.358974
21 12 0.342105
22 12 0.26087
23 12 0.342105
24 12 0.045455
25 12 0.243902
26 12 0.102041
27 12 0.065217
28 12 0.326087
29 12 0.066667
30 12 0.068966
31 12 0.046154
32 12 0.207547
33 12 0.02381
34 12 0.065217
35 12 0.735294
36 12 0.3
37 12 0.357143
38 12 0.3
39 12 0.255319
40 12 0.035714
41 12 0.044118
42 12 0.040816
43 12 0.282609
44 12 0.102041
45 12 0.166667
46 12 0.333333
47 12 0.295455
48 12 0.27451
49 12 0.109375
50 12 0.244898
51 12 0.084746
52 12 0.333333
53 12 0.208333
54 12 0.021739
1 13 0.647059
2 13 0.378378
3 13 0.263158
4 13 0.361111
5 13 0.317073
6 13 0.25
7 13 0.297297
8 13 0.8125
9 13 0.457143
10 13 0.473684
11 13 0.315789
12 13 0.78125
13 13 1.0
14 13 0.175676
15 13 0.311111
16 13 0.073171
17 13 0.583333
18 13 0.204545
19 13 0.148936
20 13 0.368421
21 13 0.25
22 13 0.266667
23 13 0.351351
24 13 0.046512
25 13 0.25
26 13 0.104167
27 13 0.066667
28 13 0.333333
29 13 0.068182
30 13 0.109091
31 13 0.080645
32 13 0.235294
33 13 0.076923
34 13 0.066667
35 13 0.567568
36 13 0.307692
37 13 0.333333
38 13 0.307692
39 13 0.318182
40 13 0.055556
41 13 0.076923
42 13 0.041667
43 13 0.288889
44 13 0.104167
45 13 0.232143
46 13 0.342105
47 13 0.302326
48 13 0.306122
49 13 0.129032
50 13 0.276596
51 13 0.125
52 13 0.342105
53 13 0.266667
54 13 0.095238
1 14 0.208333
2 14 0.188406
3 14 0.161765
4 14 0.19403
5 14 0.231884
6 14 0.125
7 14 0.161765
8 14 0.202703
9 14 0.188406
10 14 0.191781
11 14 0.173913
12 14 0.173333
13 14 0.175676
14 14 1.0
15 14 0.216216
16 14 0.119403
17 14 0.205479
18 14 0.135135
19 14 0.197183
20 14 0.220588
21 14 0.125
22 14 0.189189
23 14 0.140845
24 14 0.101449
25 14 0.157143
26 14 0.150685
27 14 0.112676
28 14 0.197368
29 14 0.068493
30 14 0.108434
31 14 0.101124
32 14 0.220779
33 14 0.073529
34 14 0.112676
35 14 0.202703
36 14 0.171429
37 14 0.242857
38 14 0.171429
39 14 0.202703
40 14 0.08642
41 14 0.074468
42 14 0.140845
43 14 0.202703
44 14 0.166667
45 14 0.136364
46 14 0.205882
47 14 0.191781
48 14 0.266667
49 14 0.16092
50 14 0.246575
51 14 0.189873
52 14 0.15493
53 14 0.157895
54 14 0.013158
1 15 0.372093
2 15 0.459459
3 15 0.275
4 15 0.444444
5 15 0.628571
6 15 0.152174
7 15 0.275
8 15 0.297872
9 15 0.384615
10 15 0.311111
11 15 0.358974
12 15 0.25
13 15 0.311111
14 15 0.216216
15 15 1.0
16 15 0.093023
17 15 0.276596
18 15 0.217391
19 15 0.075472
20 15 0.486486
21 15 0.152174
22 15 0.395349
23 15 0.325
24 15 0.090909
25 15 0.261905
26 15 0.098039
27 15 0.108696
28 15 0.340426
29 15 0.086957
30 15 0.103448
31 15 0.09375
32 15 0.571429
33 15 0.071429
34 15 0.085106
35 15 0.297872
36 15 0.35
37 15 0.439024
38 15 0.35
39 15 0.326087
40 15 0.090909
41 15 0.089552
42 15 0.081633
43 15 0.355556
44 15 0.12
45 15 0.2
46 15 0.421053
47 15 0.311111
48 15 0.634146
49 15 0.140625
50 15 0.575
51 15 0.157895
52 15 0.285714
53 15 0.276596
54 15 0.088889
1 16 0.073171
2 16 0.083333
3 16 0.2
4 16 0.057143
5 16 0.076923
6 16 0.085714
7 16 0.2
8 16 0.095238
9 16 0.083333
10 16 0.073171
11 16 0.027027
12 16 0.071429
13 16 0.073171
14 16 0.119403
15 16 0.093023
16 16 1.0
17 16 0.071429
18 16 0.205882
19 16 0.354839
20 16 0.111111
21 16 0.085714
22 16 0.071429
23 16 0.085714
24 16 0.269231
25 16 0.1875
26 16 0.518519
27 16 0.333333
28 16 0.230769
29 16 0.25
30 16 0.225
31 16 0.222222
32 16 0.214286
33 16 0.5
34 16 0.285714
35 16 0.095238
36 16 0.054054
37 16 0.157895
38 16 0.054054
39 16 0.243243
40 16 0.25
41 16 0.208333
42 16 0.225806
43 16 0.121951
44 16 0.413793
45 16 0.14
46 16 0.083333
47 16 0.128205
48 16 0.155556
49 16 0.183673
50 16 0.2
51 16 0.186047
52 16 0.054054
53 16 0.25
54 16 0.0625
1 17 0.5
2 17 0.333333
3 17 0.25641
4 17 0.315789
5 17 0.309524
6 17 0.342105
7 17 0.289474
8 17 0.512821
9 17 0.405405
10 17 0.357143
11 17 0.307692
12 17 0.757576
13 17 0.583333
14 17 0.205479
15 17 0.276596
16 17 0.071429
17 17 1.0
18 17 0.2
19 17 0.222222
20 17 0.358974
21 17 0.342105
22 17 0.288889
23 17 0.342105
24 17 0.045455
25 17 0.243902
26 17 0.102041
27 17 0.065217
28 17 0.355556
29 17 0.066667
30 17 0.068966
31 17 0.046154
32 17 0.230769
33 17 0.02381
34 17 0.065217
35 17 0.735294
36 17 0.3
37 17 0.357143
38 17 0.3
39 17 0.255319
40 17 0.035714
41 17 0.044118
42 17 0.040816
43 17 0.282609
44 17 0.102041
45 17 0.186441
46 17 0.333333
47 17 0.325581
48 17 0.27451
49 17 0.109375
50 17 0.244898
51 17 0.084746
52 17 0.333333
53 17 0.208333
54 17 0.021739
1 18 0.232558
2 18 0.333333
3 18 0.730769
4 18 0.352941
5 18 0.275
6 18 0.093023
7 18 0.607143
8 18 0.195652
9 18 0.263158
10 18 0.232558
11 18 0.342857
12 18 0.2
13 18 0.204545
14 18 0.135135
15 18 0.217391
16 18 0.205882
17 18 0.2
18 18 1.0
19 18 0.133333
20 18 0.289474
21 18 0.093023
22 18 0.255814
23 18 0.305556
24 18 0.2
25 18 0.566667
26 18 0.162791
27 18 0.153846
28 18 0.357143
29 18 0.222222
30 18 0.208333
31 18 0.103448
32 18 0.25
33 18 0.181818
34 18 0.153846
35 18 0.195652
36 18 0.333333
37 18 0.261905
38 18 0.333333
39 18 0.410256
40 18 0.227273
41 18 0.116667
42 18 0.305556
43 18 0.222222
44 18 0.219512
45 18 0.375
46 18 0.297297
47 18 0.261905
48 18 0.196078
49 18 0.264151
50 18 0.23913
51 18 0.2
52 18 0.230769
53 18 0.459459
54 18 0.02381
1 19 0.125
2 19 0.065217
3 19 0.121951
4 19 0.044444
5 19 0.061224
6 19 0.371429
7 19 0.121951
8 19 0.142857
9 19 0.065217
10 19 0.08
11 19 0.021277
12 19 0.195652
13 19 0.148936
14 19 0.197183
15 19 0.075472
16 19 0.354839
17 19 0.222222
18 19 0.133333
19 19 1.0
20 19 0.06383
21 19 0.371429
22 19 0.057692
23 19 0.066667
24 19 0.102564
25 19 0.116279
26 19 0.275
27 19 0.179487
28 19 0.137255
29 19 0.153846
30 19 0.156863
31 19 0.160714
32 19 0.12963
33 19 0.212121
34 19 0.15
35 19 0.191489
36 19 0.042553
37 19 0.148936
38 19 0.042553
39 19 0.12
40 19 0.122449
41 19 0.133333
42 19 0.142857
43 19 0.098039
44 19 0.275
45 19 0.098361
46 19 0.065217
47 19 0.102041
48 19 0.107143
49 19 0.133333
50 19 0.137255
51 19 0.12963
52 19 0.042553
53 19 0.170213
54 19 0.047619
1 20 0.444444
2 20 0.62069
3 20 0.375
4 20 0.666667
5 20 0.724138
6 20 0.179487
7 20 0.333333
8 20 0.35
9 20 0.516129
10 20 0.405405
11 20 0.586207
12 20 0.358974
13 20 0.368421
14 20 0.220588
15 20 0.486486
16 20 0.111111
17 20 0.358974
18 20 0.289474
19 20 0.06383
20 20 1.0
21 20 0.179487
22 20 0.472222
23 20 0.483871
24 20 0.108108
25 20 0.352941
26 20 0.088889
27 20 0.1
28 20 0.513514
29 20 0.075
30 20 0.075472
31 20 0.05
32 20 0.475
33 20 0.027027
34 20 0.1
35 20 0.35
36 20 0.566667
37 20 0.485714
38 20 0.566667
39 20 0.384615
40 20 0.06
41 20 0.064516
42 20 0.121951
43 20 0.542857
44 20 0.113636
45 20 0.203704
46 20 0.516129
47 20 0.405405
48 20 0.463415
49 20 0.118644
50 20 0.513514
51 20 0.134615
52 20 0.46875
53 20 0.292683
54 20 0.02439
1 21 0.190476
2 21 0.184211
3 21 0.105263
4 21 0.162162
5 21 0.142857
6 21 1.0
7 21 0.105263
8 21 0.238095
9 21 0.184211
10 21 0.219512
11 21 0.128205
12 21 0.342105
13 21 0.25
14 21 0.125
15 21 0.152174
16 21 0.085714
17 21 0.342105
18 21 0.093023
19 21 0.371429
20 21 0.179487
21 21 1.0
22 21 0.159091
23 21 0.157895
24 21 0.054054
25 21 0.1
26 21 0.093023
27 21 0.076923
28 21 0.173913
29 21 0.051282
30 21 0.1
31 21 0.109091
32 21 0.14
33 21 0.028571
34 21 0.076923
35 21 0.333333
36 21 0.125
37 21 0.190476
38 21 0.125
39 21 0.106383
40 21 0.02
41 21 0.103448
42 21 0.073171
43 21 0.155556
44 21 0.146341
45 21 0.067797
46 21 0.184211
47 21 0.162791
48 21 0.137255
49 21 0.084746
50 21 0.148936
51 21 0.055556
52 21 0.125
53 21 0.085106
54 21 0.111111
1 22 0.425
2 22 0.677419
3 22 0.289474
4 22 0.5625
5 22 0.527778
6 22 0.159091
7 22 0.25641
8 22 0.282609
9 22 0.575758
10 22 0.425
11 22 0.5
12 22 0.26087
13 22 0.295455
14 22 0.189189
15 22 0.395349
16 22 0.071429
17 22 0.288889
18 22 0.255814
19 22 0.057692
20 22 0.472222
21 22 0.159091
22 22 1.0
23 22 0.5
24 22 0.095238
25 22 0.275
26 22 0.08
27 22 0.042553
28 22 0.386364
29 22 0.090909
30 22 0.068966
31 22 0.046154
32 22 0.333333
33 22 0.02381
34 22 0.042553
35 22 0.282609
36 22 0.485714
37 22 0.540541
38 22 0.485714
39 22 0.372093
40 22 0.054545
41 22 0.028986
42 22 0.085106
43 22 0.685714
44 22 0.102041
45 22 0.186441
46 22 0.625
47 22 0.425
48 22 0.354167
49 22 0.126984
50 22 0.386364
51 22 0.103448
52 22 0.368421
53 22 0.208333
54 22 0.021739
1 23 0.470588
2 23 0.5
3 23 0.4
4 23 0.535714
5 23 0.454545
6 23 0.157895
7 23 0.4
8 23 0.333333
9 23 0.551724
10 23 0.515152
11 23 0.466667
12 23 0.342105
13 23 0.351351
14 23 0.140845
15 23 0.325
16 23 0.085714
17 23 0.342105
18 23 0.305556
19 23 0.066667
20 23 0.483871
21 23 0.157895
22 23 0.5
23 23 1.0
24 23 0.054054
25 23 0.419355
26 23 0.068182
27 23 0.076923
28 23 0.35
29 23 0.051282
30 23 0.037736
31 23 0.051724
32 23 0.266667
33 23 0.028571
34 23 0.076923
35 23 0.368421
36 23 0.451613
37 23 0.388889
38 23 0.451613
39 23 0.3
40 23 0.040816
41 23 0.04918
42 23 0.047619
43 23 0.444444
44 23 0.119048
45 23 0.211538
46 23 0.40625
47 23 0.388889
48 23 0.348837
49 23 0.122807
50 23 0.35
51 23 0.096154
52 23 0.451613
53 23 0.307692
54 23 0.025641
1 24 0.046512
2 24 0.111111
3 24 0.233333
4 24 0.117647
5 24 0.102564
6 24 0.054054
7 24 0.15625
8 24 0.044444
9 24 0.052632
10 24 0.046512
11 24 0.114286
12 24 0.045455
13 24 0.046512
14 24 0.101449
15 24 0.090909
16 24 0.269231
17 24 0.045455
18 24 0.2
19 24 0.102564
20 24 0.108108
21 24 0.054054
22 24 0.095238
23 24 0.054054
24 24 1.0
25 24 0.147059
26 24 0.166667
27 24 0.233333
28 24 0.195122
29 24 0.16129
30 24 0.282051
31 24 0.142857
32 24 0.155556
33 24 0.291667
34 24 0.193548
35 24 0.044444
36 24 0.142857
37 24 0.097561
38 24 0.142857
39 24 0.236842
40 24 0.15
41 24 0.156863
42 24 0.344828
43 24 0.093023
44 24 0.166667
45 24 0.09434
46 24 0.111111
47 24 0.046512
48 24 0.081633
49 24 0.113208
50 24 0.088889
51 24 0.130435
52 24 0.081081
53 24 0.121951
54 24 0.060606
1 25 0.282051
2 25 0.323529
3 25 0.75
4 25 0.387097
5 25 0.371429
6 25 0.1
7 25 0.826087
8 25 0.268293
9 25 0.323529
10 25 0.315789
11 25 0.517241
12 25 0.243902
13 25 0.25
14 25 0.157143
15 25 0.261905
16 25 0.1875
17 25 0.243902
18 25 0.566667
19 25 0.116279
20 25 0.352941
21 25 0.1
22 25 0.275
23 25 0.419355
24 25 0.147059
25 25 1.0
26 25 0.146341
27 25 0.235294
28 25 0.459459
29 25 0.205882
30 25 0.145833
31 25 0.109091
32 25 0.295455
33 25 0.2
34 25 0.235294
35 25 0.268293
36 25 0.451613
37 25 0.282051
38 25 0.451613
39 25 0.405405
40 25 0.186047
41 25 0.122807
42 25 0.222222
43 25 0.238095
44 25 0.27027
45 25 0.4
46 25 0.285714
47 25 0.388889
48 25 0.208333
49 25 0.207547
50 25 0.285714
51 25 0.266667
52 25 0.40625
53 25 0.545455
54 25 0.025641
1 26 0.104167
2 26 0.090909
3 26 0.153846
4 26 0.045455
5 26 0.085106
6 26 0.093023
7 26 0.153846
8 26 0.1
9 26 0.090909
10 26 0.081633
11 26 0.021739
12 26 0.102041
13 26 0.104167
14 26 0.150685
15 26 0.098039
16 26 0.518519
17 26 0.102041
18 26 0.162791
19 26 0.275
20 26 0.088889
21 26 0.093023
22 26 0.08
23 26 0.068182
24 26 0.166667
25 26 0.146341
26 26 1.0
27 26 0.451613
28 26 0.212766
29 26 0.294118
30 26 0.26087
31 26 0.254902
32 26 0.22449
33 26 0.3
34 26 0.451613
35 26 0.1
36 26 0.021277
37 26 0.177778
38 26 0.021277
39 26 0.195652
40 26 0.384615
41 26 0.288462
42 26 0.205128
43 26 0.1
44 26 0.428571
45 26 0.137931
46 26 0.090909
47 26 0.104167
48 26 0.150943
49 26 0.288462
50 26 0.14
51 26 0.304348
52 26 0.021277
53 26 0.2
54 26 0.02381
1 27 0.066667
2 27 0.04878
3 27 0.212121
4 27 0.078947
5 27 0.095238
6 27 0.076923
7 27 0.25
8 27 0.086957
9 27 0.075
10 27 0.090909
11 27 0.05
12 27 0.065217
13 27 0.066667
14 27 0.112676
15 27 0.108696
16 27 0.333333
17 27 0.065217
18 27 0.153846
19 27 0.179487
20 27 0.1
21 27 0.076923
22 27 0.042553
23 27 0.076923
24 27 0.233333
25 27 0.235294
26 27 0.451613
27 27 1.0
28 27 0.209302
29 27 0.21875
30 27 0.292683
31 27 0.282609
32 27 0.122449
33 27 0.36
34 27 0.818182
35 27 0.086957
36 27 0.075
37 27 0.043478
38 27 0.075
39 27 0.162791
40 27 0.361111
41 27 0.347826
42 27 0.2
43 27 0.041667
44 27 0.40625
45 27 0.173077
46 27 0.04878
47 27 0.043478
48 27 0.056604
49 27 0.24
50 27 0.083333
51 27 0.341463
52 27 0.075
53 27 0.195122
54 27 0.085714
1 28 0.363636
2 28 0.447368
3 28 0.405405
4 28 0.472222
5 28 0.487179
6 28 0.173913
7 28 0.405405
8 28 0.319149
9 28 0.375
10 28 0.276596
11 28 0.5
12 28 0.326087
13 28 0.333333
14 28 0.197368
15 28 0.340426
16 28 0.230769
17 28 0.355556
18 28 0.357143
19 28 0.137255
20 28 0.513514
21 28 0.173913
22 28 0.386364
23 28 0.35
24 28 0.195122
25 28 0.459459
26 28 0.212766
27 28 0.209302
28 28 1.0
29 28 0.159091
30 28 0.181818
31 28 0.145161
32 28 0.395833
33 28 0.179487
34 28 0.209302
35 28 0.291667
36 28 0.486486
37 28 0.428571
38 28 0.486486
39 28 0.47619
40 28 0.173077
41 28 0.138462
42 28 0.2
43 28 0.409091
44 28 0.23913
45 28 0.237288
46 28 0.375
47 28 0.395349
48 28 0.333333
49 28 0.213115
50 28 0.361702
51 28 0.196429
52 28 0.410256
53 28 0.326087
54 28 0.020408
1 29 0.068182
2 29 0.105263
3 29 0.21875
4 29 0.052632
5 29 0.097561
6 29 0.051282
7 29 0.21875
8 29 0.065217
9 29 0.105263
10 29 0.044444
11 29 0.025
12 29 0.066667
13 29 0.068182
14 29 0.068493
15 29 0.086957
16 29 0.25
17 29 0.066667
18 29 0.222222
19 29 0.153846
20 29 0.075
21 29 0.051282
22 29 0.090909
23 29 0.051282
24 29 0.16129
25 29 0.205882
26 29 0.294118
27 29 0.21875
28 29 0.159091
29 29 1.0
30 29 0.130435
31 29 0.137255
32 29 0.2
33 29 0.222222
34 29 0.21875
35 29 0.065217
36 29 0.02439
37 29 0.093023
38 29 0.02439
39 29 0.113636
40 29 0.411765
41 29 0.150943
42 29 0.576923
43 29 0.042553
44 29 0.222222
45 29 0.2
46 29 0.105263
47 29 0.044444
48 29 0.1
49 29 0.22
50 29 0.0625
51 29 0.2
52 29 0.02439
53 29 0.230769
54 29 0.027778
1 30 0.070175
2 30 0.076923
3 30 0.204545
4 30 0.08
5 30 0.092593
6 30 0.1
7 30 0.152174
8 30 0.105263
9 30 0.037037
10 30 0.109091
11 30 0.078431
12 30 0.068966
13 30 0.109091
14 30 0.108434
15 30 0.103448
16 30 0.225
17 30 0.068966
18 30 0.208333
19 30 0.156863
20 30 0.075472
21 30 0.1
22 30 0.068966
23 30 0.037736
24 30 0.282051
25 30 0.145833
26 30 0.26087
27 30 0.292683
28 30 0.181818
29 30 0.130435
30 30 1.0
31 30 0.333333
32 30 0.152542
33 30 0.236842
34 30 0.292683
35 30 0.067797
36 30 0.076923
37 30 0.070175
38 30 0.076923
39 30 0.188679
40 30 0.24
41 30 0.388889
42 30 0.222222
43 30 0.067797
44 30 0.26087
45 30 0.138462
46 30 0.076923
47 30 0.033898
48 30 0.078125
49 30 0.171875
50 30 0.083333
51 30 0.259259
52 30 0.037037
53 30 0.169811
54 30 0.159091
1 31 0.080645
2 31 0.050847
3 31 0.113208
4 31 0.034483
5 31 0.048387
6 31 0.109091
7 31 0.113208
8 31 0.078125
9 31 0.050847
10 31 0.116667
11 31 0.016667
12 31 0.046154
13 31 0.080645
14 31 0.101124
15 31 0.09375
16 31 0.222222
17 31 0.046154
18 31 0.103448
19 31 0.160714
20 31 0.05
21 31 0.109091
22 31 0.046154
23 31 0.051724
24 31 0.142857
25 31 0.109091
26 31 0.254902
27 31 0.282609
28 31 0.145161
29 31 0.137255
30 31 0.333333
31 31 1.0
32 31 0.121212
33 31 0.204545
34 31 0.255319
35 31 0.045455
36 31 0.033333
37 31 0.046875
38 31 0.033333
39 31 0.112903
40 31 0.236364
41 31 0.306452
42 31 0.12963
43 31 0.045455
44 31 0.230769
45 31 0.126761
46 31 0.050847
47 31 0.046875
48 31 0.056338
49 31 0.372881
50 31 0.075758
51 31 0.254237
52 31 0.033333
53 31 0.152542
54 31 0.14
1 32 0.26
2 32 0.380952
3 32 0.309524
4 32 0.365854
5 32 0.487805
6 32 0.14
7 32 0.27907
8 32 0.226415
9 32 0.318182
10 32 0.26
11 32 0.295455
12 32 0.207547
13 32 0.235294
14 32 0.220779
15 32 0.571429
16 32 0.214286
17 32 0.230769
18 32 0.25
19 32 0.12963
20 32 0.475
21 32 0.14
22 32 0.333333
23 32 0.266667
24 32 0.155556
25 32 0.295455
26 32 0.22449
27 32 0.122449
28 32 0.395833
29 32 0.2
30 32 0.152542
31 32 0.121212
32 32 1.0
33 32 0.195122
34 32 0.122449
35 32 0.226415
36 32 0.288889
37 32 0.465116
38 32 0.288889
39 32 0.413043
40 32 0.163636
41 32 0.132353
42 32 0.1875
43 32 0.413043
44 32 0.22449
45 32 0.225806
46 32 0.318182
47 32 0.3125
48 32 0.613636
49 32 0.184615
50 32 0.595238
51 32 0.166667
52 32 0.234043
53 32 0.361702
54 32 0.039216
1 33 0.076923
2 33 0.027778
3 33 0.214286
4 33 0.029412
5 33 0.052632
6 33 0.028571
7 33 0.214286
8 33 0.073171
9 33 0.027778
10 33 0.076923
11 33 0.028571
12 33 0.02381
13 33 0.076923
14 33 0.073529
15 33 0.071429
16 33 0.5
17 33 0.02381
18 33 0.181818
19 33 0.212121
20 33 0.027027
21 33 0.028571
22 33 0.02381
23 33 0.028571
24 33 0.291667
25 33 0.2
26 33 0.3
27 33 0.36
28 33 0.179487
29 33 0.222222
30 33 0.236842
31 33 0.204545
32 33 0.195122
33 33 1.0
34 33 0.259259
35 33 0.023256
36 33 0.057143
37 33 0.105263
38 33 0.057143
39 33 0.257143
40 33 0.228571
41 33 0.191489
42 33 0.2
43 33 0.1
44 33 0.344828
45 33 0.170213
46 33 0.027778
47 33 0.105263
48 33 0.111111
49 33 0.142857
50 33 0.15
51 33 0.195122
52 33 0.057143
53 33 0.264706
54 33 0.142857
1 34 0.066667
2 34 0.04878
3 34 0.212121
4 34 0.078947
5 34 0.095238
6 34 0.076923
7 34 0.25
8 34 0.086957
9 34 0.075
10 34 0.090909
11 34 0.05
12 34 0.065217
13 34 0.066667
14 34 0.112676
15 34 0.085106
16 34 0.285714
17 34 0.065217
18 34 0.153846
19 34 0.15
20 34 0.1
21 34 0.076923
22 34 0.042553
23 34 0.076923
24 34 0.193548
25 34 0.235294
26 34 0.451613
27 34 0.818182
28 34 0.209302
29 34 0.21875
30 34 0.292683
31 34 0.255319
32 34 0.122449
33 34 0.259259
34 34 1.0
35 34 0.086957
36 34 0.04878
37 34 0.043478
38 34 0.04878
39 34 0.136364
40 34 0.324324
41 34 0.347826
42 34 0.2
43 34 0.041667
44 34 0.363636
45 34 0.150943
46 34 0.04878
47 34 0.043478
48 34 0.056604
49 34 0.24
50 34 0.061224
51 34 0.309524
52 34 0.04878
53 34 0.166667
54 34 0.027027
1 35 0.414634
2 35 0.358974
3 35 0.25
4 35 0.342105
5 35 0.333333
6 35 0.333333
7 35 0.282051
8 35 0.714286
9 35 0.394737
10 35 0.45
11 35 0.3
12 35 0.735294
13 35 0.567568
14 35 0.202703
15 35 0.297872
16 35 0.095238
17 35 0.735294
18 35 0.195652
19 35 0.191489
20 35 0.35
21 35 0.333333
22 35 0.282609
23 35 0.368421
24 35 0.044444
25 35 0.268293
26 35 0.1
27 35 0.086957
28 35 0.291667
29 35 0.065217
30 35 0.067797
31 35 0.045455
32 35 0.226415
33 35 0.023256
34 35 0.086957
35 35 1.0
36 35 0.292683
37 35 0.318182
38 35 0.292683
39 35 0.25
40 35 0.053571
41 35 0.058824
42 35 0.061224
43 35 0.276596
44 35 0.1
45 35 0.20339
46 35 0.325
47 35 0.318182
48 35 0.269231
49 35 0.107692
50 35 0.24
51 35 0.101695
52 35 0.292683
53 35 0.204082
54 35 0.021277
1 36 0.416667
2 36 0.586207
3 36 0.433333
4 36 0.692308
5 36 0.580645
6 36 0.125
7 36 0.34375
8 36 0.292683
9 36 0.483871
10 36 0.342105
11 36 0.875
12 36 0.3
13 36 0.307692
14 36 0.171429
15 36 0.35
16 36 0.054054
17 36 0.3
18 36 0.333333
19 36 0.042553
20 36 0.566667
21 36 0.125
22 36 0.485714
23 36 0.451613
24 36 0.142857
25 36 0.451613
26 36 0.021277
27 36 0.075
28 36 0.486486
29 36 0.02439
30 36 0.076923
31 36 0.033333
32 36 0.288889
33 36 0.057143
34 36 0.04878
35 36 0.292683
36 36 1.0
37 36 0.5
38 36 1.0
39 36 0.472222
40 36 0.061224
41 36 0.048387
42 36 0.071429
43 36 0.394737
44 36 0.116279
45 36 0.185185
46 36 0.483871
47 36 0.59375
48 36 0.340909
49 36 0.083333
50 36 0.375
51 36 0.115385
52 36 0.769231
53 36 0.268293
54 36 0.051282
1 37 0.473684
2 37 0.7
3 37 0.297297
4 37 0.580645
5 37 0.588235
6 37 0.190476
7 37 0.263158
8 37 0.318182
9 37 0.545455
10 37 0.365854
11 37 0.515152
12 37 0.357143
13 37 0.333333
14 37 0.26087
15 37 0.439024
16 37 0.157895
17 37 0.357143
18 37 0.261905
19 37 0.148936
20 37 0.485714
21 37 0.190476
22 37 0.540541
23 37 0.388889
24 37 0.097561
25 37 0.282051
26 37 0.177778
27 37 0.043478
28 37 0.428571
29 37 0.093023
30 37 0.070175
31 37 0.046875
32 37 0.465116
33 37 0.105263
34 37 0.043478
35 37 0.318182
36 37 0.5
37 37 1.0
38 37 0.5
39 37 0.487179
40 37 0.055556
41 37 0.029412
42 37 0.086957
43 37 0.487179
44 37 0.177778
45 37 0.169492
46 37 0.645161
47 37 0.555556
48 37 0.454545
49 37 0.147541
50 37 0.5
51 37 0.105263
52 37 0.378378
53 37 0.295455
54 37 0.022222
1 38 0.416667
2 38 0.586207
3 38 0.433333
4 38 0.692308
5 38 0.580645
6 38 0.125
7 38 0.34375
8 38 0.292683
9 38 0.483871
10 38 0.342105
11 38 0.875
12 38 0.3
13 38 0.307692
14 38 0.171429
15 38 0.35
16 38 0.054054
17 38 0.3
18 38 0.333333
19 38 0.042553
20 38 0.566667
21 38 0.125
22 38 0.485714
23 38 0.451613
24 38 0.142857
25 38 0.451613
26 38 0.021277
27 38 0.075
28 38 0.486486
29 38 0.02439
30 38 0.076923
31 38 0.033333
32 38 0.288889
33 38 0.057143
34 38 0.04878
35 38 0.292683
36 38 1.0
37 38 0.5
38 38 1.0
39 38 0.472222
40 38 0.061224
41 38 0.048387
42 38 0.071429
43 38 0.394737
44 38 0.116279
45 38 0.185185
46 38 0.483871
47 38 0.59375
48 38 0.340909
49 38 0.083333
50 38 0.375
51 38 0.115385
52 38 0.769231
53 38 0.268293
54 38 0.051282
1 39 0.414634
2 39 0.514286
3 39 0.470588
4 39 0.545455
5 39 0.435897
6 39 0.106383
7 39 0.470588
8 39 0.304348
9 39 0.394737
10 39 0.348837
11 39 0.529412
12 39 0.255319
13 39 0.318182
14 39 0.202703
15 39 0.326087
16 39 0.243243
17 39 0.255319
18 39 0.410256
19 39 0.12
20 39 0.384615
21 39 0.106383
22 39 0.372093
23 39 0.3
24 39 0.236842
25 39 0.405405
26 39 0.195652
27 39 0.162791
28 39 0.47619
29 39 0.113636
30 39 0.188679
31 39 0.112903
32 39 0.413043
33 39 0.257143
34 39 0.136364
35 39 0.25
36 39 0.472222
37 39 0.487179
38 39 0.472222
39 39 1.0
40 39 0.134615
41 39 0.125
42 39 0.181818
43 39 0.395349
44 39 0.25
45 39 0.290909
46 39 0.432432
47 39 0.487179
48 39 0.346939
49 39 0.180328
50 39 0.409091
51 39 0.181818
52 39 0.358974
53 39 0.439024
54 39 0.066667
1 40 0.055556
2 40 0.061224
3 40 0.166667
4 40 0.041667
5 40 0.078431
6 40 0.02
7 40 0.195122
8 40 0.072727
9 40 0.083333
10 40 0.055556
11 40 0.0625
12 40 0.035714
13 40 0.055556
14 40 0.08642
15 40 0.090909
16 40 0.25
17 40 0.035714
18 40 0.227273
19 40 0.122449
20 40 0.06
21 40 0.02
22 40 0.054545
23 40 0.040816
24 40 0.15
25 40 0.186047
26 40 0.384615
27 40 0.361111
28 40 0.173077
29 40 0.411765
30 40 0.24
31 40 0.236364
32 40 0.163636
33 40 0.228571
34 40 0.324324
35 40 0.053571
36 40 0.061224
37 40 0.055556
38 40 0.061224
39 40 0.134615
40 40 1.0
41 40 0.245614
42 40 0.275
43 40 0.017241
44 40 0.317073
45 40 0.272727
46 40 0.061224
47 40 0.036364
48 40 0.083333
49 40 0.314815
50 40 0.070175
51 40 0.333333
52 40 0.061224
53 40 0.234043
54 40 0.044444
1 41 0.076923
2 41 0.031746
3 41 0.107143
4 41 0.05
5 41 0.0625
6 41 0.103448
7 41 0.127273
8 41 0.090909
9 41 0.048387
10 41 0.111111
11 41 0.032258
12 41 0.044118
13 41 0.076923
14 41 0.074468
15 41 0.089552
16 41 0.208333
17 41 0.044118
18 41 0.116667
19 41 0.133333
20 41 0.064516
21 41 0.103448
22 41 0.028986
23 41 0.04918
24 41 0.156863
25 41 0.122807
26 41 0.288462
27 41 0.347826
28 41 0.138462
29 41 0.150943
30 41 0.388889
31 41 0.285714
32 41 0.132353
33 41 0.191489
34 41 0.347826
35 41 0.058824
36 41 0.048387
37 41 0.029412
38 41 0.048387
39 41 0.125
40 41 0.245614
41 41 1.0
42 41 0.142857
43 41 0.028571
44 41 0.218182
45 41 0.185714
46 41 0.031746
47 41 0.029412
48 41 0.068493
49 41 0.217391
50 41 0.072464
51 41 0.327586
52 41 0.048387
53 41 0.20339
54 41 0.2
1 42 0.041667
2 42 0.097561
3 42 0.3125
4 42 0.102564
5 42 0.090909
6 42 0.073171
7 42 0.235294
8 42 0.061224
9 42 0.046512
10 42 0.041667
11 42 0.1
12 42 0.040816
13 42 0.041667
14 42 0.125
15 42 0.081633
16 42 0.225806
17 42 0.040816
18 42 0.305556
19 42 0.142857
20 42 0.121951
21 42 0.073171
22 42 0.085106
23 42 0.047619
24 42 0.344828
25 42 0.222222
26 42 0.205128
27 42 0.2
28 42 0.2
29 42 0.576923
30 42 0.222222
31 42 0.12963
32 42 0.1875
33 42 0.2
34 42 0.2
35 42 0.061224
36 42 0.071429
37 42 0.086957
38 42 0.071429
39 42 0.181818
40 42 0.275
41 42 0.142857
42 42 1.0
43 42 0.083333
44 42 0.205128
45 42 0.211538
46 42 0.097561
47 42 0.041667
48 42 0.09434
49 42 0.142857
50 42 0.102041
51 42 0.14
52 42 0.022727
53 42 0.243902
54 42 0.025641
1 43 0.348837
2 43 0.472222
3 43 0.25
4 43 0.457143
5 43 0.473684
6 43 0.155556
7 43 0.219512
8 43 0.276596
9 43 0.394737
10 43 0.348837
11 43 0.405405
12 43 0.282609
13 43 0.288889
14 43 0.202703
15 43 0.355556
16 43 0.121951
17 43 0.282609
18 43 0.222222
19 43 0.098039
20 43 0.542857
21 43 0.155556
22 43 0.685714
23 43 0.444444
24 43 0.093023
25 43 0.238095
26 43 0.1
27 43 0.041667
28 43 0.409091
29 43 0.042553
30 43 0.067797
31 43 0.045455
32 43 0.413043
33 43 0.1
34 43 0.041667
35 43 0.276596
36 43 0.394737
37 43 0.487179
38 43 0.394737
39 43 0.395349
40 43 0.017241
41 43 0.028571
42 43 0.083333
43 43 1.0
44 43 0.170213
45 43 0.145161
46 43 0.432432
47 43 0.380952
48 43 0.434783
49 43 0.107692
50 43 0.44186
51 43 0.065574
52 43 0.325
53 43 0.255319
54 43 0.021277
1 44 0.104167
2 44 0.116279
3 44 0.25
4 44 0.121951
5 44 0.108696
6 44 0.146341
7 44 0.25
8 44 0.1
9 44 0.116279
10 44 0.104167
11 44 0.119048
12 44 0.102041
13 44 0.104167
14 44 0.166667
15 44 0.12
16 44 0.413793
17 44 0.102041
18 44 0.219512
19 44 0.275
20 44 0.113636
21 44 0.146341
22 44 0.102041
23 44 0.119048
24 44 0.166667
25 44 0.27027
26 44 0.428571
27 44 0.40625
28 44 0.23913
29 44 0.222222
30 44 0.26087
31 44 0.230769
32 44 0.22449
33 44 0.344828
34 44 0.363636
35 44 0.1
36 44 0.116279
37 44 0.177778
38 44 0.116279
39 44 0.25
40 44 0.317073
41 44 0.218182
42 44 0.205128
43 44 0.170213
44 44 1.0
45 44 0.178571
46 44 0.116279
47 44 0.204545
48 44 0.150943
49 44 0.313725
50 44 0.1875
51 44 0.304348
52 44 0.116279
53 44 0.285714
54 44 0.04878
1 45 0.277778
2 45 0.207547
3 45 0.386364
4 45 0.24
5 45 0.218182
6 45 0.067797
7 45 0.452381
8 45 0.267857
9 45 0.230769
10 45 0.277778
11 45 0.211538
12 45 0.166667
13 45 0.232143
14 45 0.136364
15 45 0.2
16 45 0.14
17 45 0.186441
18 45 0.375
19 45 0.098361
20 45 0.203704
21 45 0.067797
22 45 0.186441
23 45 0.211538
24 45 0.09434
25 45 0.4
26 45 0.137931
27 45 0.173077
28 45 0.237288
29 45 0.2
30 45 0.138462
31 45 0.126761
32 45 0.225806
33 45 0.170213
34 45 0.150943
35 45 0.20339
36 45 0.185185
37 45 0.169492
38 45 0.185185
39 45 0.290909
40 45 0.272727
41 45 0.185714
42 45 0.211538
43 45 0.145161
44 45 0.178571
45 45 1.0
46 45 0.207547
47 45 0.169492
48 45 0.166667
49 45 0.202899
50 45 0.177419
51 45 0.245902
52 45 0.185185
53 45 0.458333
54 45 0.282609
1 46 0.5
2 46 0.84
3 46 0.34375
4 46 0.692308
5 46 0.580645
6 46 0.184211
7 46 0.34375
8 46 0.325
9 46 0.703704
10 46 0.416667
11 46 0.5
12 46 0.333333
13 46 0.342105
14 46 0.205882
15 46 0.421053
16 46 0.083333
17 46 0.333333
18 46 0.297297
19 46 0.065217
20 46 0.516129
21 46 0.184211
22 46 0.625
23 46 0.40625
24 46 0.111111
25 46 0.285714
26 46 0.090909
27 46 0.04878
28 46 0.375
29 46 0.105263
30 46 0.076923
31 46 0.050847
32 46 0.318182
33 46 0.027778
34 46 0.04878
35 46 0.325
36 46 0.483871
37 46 0.645161
38 46 0.483871
39 46 0.432432
40 46 0.061224
41 46 0.031746
42 46 0.097561
43 46 0.432432
44 46 0.116279
45 46 0.207547
46 46 1.0
47 46 0.416667
48 46 0.372093
49 46 0.140351
50 46 0.375
51 46 0.115385
52 46 0.352941
53 46 0.268293
54 46 0.025
1 47 0.4
2 47 0.5
3 47 0.297297
4 47 0.484848
5 47 0.421053
6 47 0.162791
7 47 0.297297
8 47 0.288889
9 47 0.457143
10 47 0.365854
11 47 0.612903
12 47 0.295455
13 47 0.302326
14 47 0.191781
15 47 0.311111
16 47 0.128205
17 47 0.325581
18 47 0.261905
19 47 0.102041
20 47 0.405405
21 47 0.162791
22 47 0.425
23 47 0.388889
24 47 0.046512
25 47 0.388889
26 47 0.104167
27 47 0.043478
28 47 0.395349
29 47 0.044444
30 47 0.033898
31 47 0.046875
32 47 0.3125
33 47 0.105263
34 47 0.043478
35 47 0.318182
36 47 0.59375
37 47 0.555556
38 47 0.59375
39 47 0.487179
40 47 0.036364
41 47 0.029412
42 47 0.041667
43 47 0.414634
44 47 0.204545
45 47 0.169492
46 47 0.416667
47 47 1.0
48 47 0.361702
49 47 0.111111
50 47 0.463415
51 47 0.067797
52 47 0.545455
53 47 0.325581
54 47 0.022222
1 48 0.306122
2 48 0.404762
3 48 0.244444
4 48 0.390244
5 48 0.47619
6 48 0.137255
7 48 0.217391
8 48 0.294118
9 48 0.372093
10 48 0.306122
11 48 0.318182
12 48 0.27451
13 48 0.306122
14 48 0.266667
15 48 0.634146
16 48 0.155556
17 48 0.27451
18 48 0.196078
19 48 0.107143
20 48 0.463415
21 48 0.137255
22 48 0.354167
23 48 0.348837
24 48 0.081633
25 48 0.208333
26 48 0.150943
27 48 0.056604
28 48 0.333333
29 48 0.1
30 48 0.078125
31 48 0.056338
32 48 0.613636
33 48 0.111111
34 48 0.056604
35 48 0.269231
36 48 0.340909
37 48 0.454545
38 48 0.340909
39 48 0.346939
40 48 0.083333
41 48 0.068493
42 48 0.09434
43 48 0.434783
44 48 0.150943
45 48 0.166667
46 48 0.372093
47 48 0.391304
48 48 1.0
49 48 0.130435
50 48 0.545455
51 48 0.126984
52 48 0.282609
53 48 0.27451
54 48 0.038462
1 49 0.129032
2 49 0.140351
3 49 0.215686
4 49 0.105263
5 49 0.133333
6 49 0.084746
7 49 0.215686
8 49 0.125
9 49 0.140351
10 49 0.129032
11 49 0.084746
12 49 0.109375
13 49 0.129032
14 49 0.16092
15 49 0.140625
16 49 0.183673
17 49 0.109375
18 49 0.264151
19 49 0.133333
20 49 0.118644
21 49 0.084746
22 49 0.126984
23 49 0.122807
24 49 0.113208
25 49 0.207547
26 49 0.288462
27 49 0.265306
28 49 0.213115
29 49 0.22
30 49 0.171875
31 49 0.372881
32 49 0.184615
33 49 0.142857
34 49 0.265306
35 49 0.107692
36 49 0.083333
37 49 0.147541
38 49 0.083333
39 49 0.180328
40 49 0.339623
41 49 0.235294
42 49 0.142857
43 49 0.107692
44 49 0.313725
45 49 0.202899
46 49 0.140351
47 49 0.111111
48 49 0.130435
49 49 1.0
50 49 0.121212
51 49 0.45283
52 49 0.083333
53 49 0.20339
54 49 0.034483
1 50 0.363636
2 50 0.447368
3 50 0.3
4 50 0.472222
5 50 0.526316
6 50 0.148936
7 50 0.268293
8 50 0.265306
9 50 0.375
10 50 0.304348
11 50 0.384615
12 50 0.244898
13 50 0.276596
14 50 0.22973
15 50 0.575
16 50 0.2
17 50 0.244898
18 50 0.23913
19 50 0.137255
20 50 0.513514
21 50 0.148936
22 50 0.386364
23 50 0.35
24 50 0.088889
25 50 0.285714
26 50 0.14
27 50 0.083333
28 50 0.361702
29 50 0.0625
30 50 0.083333
31 50 0.075758
32 50 0.595238
33 50 0.15
34 50 0.061224
35 50 0.24
36 50 0.375
37 50 0.5
38 50 0.375
39 50 0.409091
40 50 0.070175
41 50 0.072464
42 50 0.102041
43 50 0.44186
44 50 0.1875
45 50 0.177419
46 50 0.375
47 50 0.463415
48 50 0.545455
49 50 0.121212
50 50 1.0
51 50 0.116667
52 50 0.309524
53 50 0.386364
54 50 0.06383
1 51 0.125
2 51 0.115385
3 51 0.25
4 51 0.098039
5 51 0.150943
6 51 0.055556
7 51 0.27907
8 51 0.140351
9 51 0.137255
10 51 0.145455
11 51 0.096154
12 51 0.084746
13 51 0.125
14 51 0.189873
15 51 0.157895
16 51 0.186047
17 51 0.084746
18 51 0.2
19 51 0.12963
20 51 0.134615
21 51 0.055556
22 51 0.103448
23 51 0.096154
24 51 0.130435
25 51 0.266667
26 51 0.304348
27 51 0.341463
28 51 0.196429
29 51 0.2
30 51 0.259259
31 51 0.298246
32 51 0.166667
33 51 0.195122
34 51 0.309524
35 51 0.101695
36 51 0.115385
37 51 0.105263
38 51 0.115385
39 51 0.181818
40 51 0.333333
41 51 0.305085
42 51 0.14
43 51 0.065574
44 51 0.304348
45 51 0.245902
46 51 0.115385
47 51 0.067797
48 51 0.126984
49 51 0.45283
50 51 0.116667
51 51 1.0
52 51 0.115385
53 51 0.254902
54 51 0.039216
1 52 0.378378
2 52 0.4375
3 52 0.30303
4 52 0.517241
5 52 0.484848
6 52 0.125
7 52 0.34375
8 52 0.325
9 52 0.4375
10 52 0.342105
11 52 0.666667
12 52 0.333333
13 52 0.342105
14 52 0.15493
15 52 0.285714
16 52 0.054054
17 52 0.333333
18 52 0.230769
19 52 0.042553
20 52 0.46875
21 52 0.125
22 52 0.368421
23 52 0.451613
24 52 0.081081
25 52 0.40625
26 52 0.021277
27 52 0.075
28 52 0.410256
29 52 0.02439
30 52 0.037037
31 52 0.033333
32 52 0.234043
33 52 0.057143
34 52 0.04878
35 52 0.292683
36 52 0.769231
37 52 0.378378
38 52 0.769231
39 52 0.358974
40 52 0.061224
41 52 0.048387
42 52 0.022727
43 52 0.325
44 52 0.116279
45 52 0.185185
46 52 0.352941
47 52 0.545455
48 52 0.282609
49 52 0.083333
50 52 0.309524
51 52 0.115385
52 52 1.0
53 52 0.238095
54 52 0.051282
1 53 0.266667
2 53 0.3
3 53 0.53125
4 53 0.351351
5 53 0.27907
6 53 0.085106
7 53 0.633333
8 53 0.255319
9 53 0.268293
10 53 0.295455
11 53 0.307692
12 53 0.208333
13 53 0.266667
14 53 0.157895
15 53 0.276596
16 53 0.25
17 53 0.208333
18 53 0.459459
19 53 0.170213
20 53 0.292683
21 53 0.085106
22 53 0.208333
23 53 0.307692
24 53 0.121951
25 53 0.545455
26 53 0.2
27 53 0.195122
28 53 0.326087
29 53 0.230769
30 53 0.169811
31 53 0.152542
32 53 0.361702
33 53 0.264706
34 53 0.166667
35 53 0.204082
36 53 0.268293
37 53 0.295455
38 53 0.268293
39 53 0.439024
40 53 0.234043
41 53 0.20339
42 53 0.243902
43 53 0.255319
44 53 0.285714
45 53 0.458333
46 53 0.268293
47 53 0.325581
48 53 0.27451
